11
1 1 1 1 1 1 1 1 1 1 1 
1 0 0 0 1 0 0 0 0 0 1 
1 0 1 0 1 0 1 1 0 0 1 
1 0 1 0 0 0 1 0 0 0 1 
1 0 1 1 1 1 1 0 1 1 1 
1 0 0 0 0 0 1 0 0 0 1 
1 0 1 1 1 1 1 1 1 0 1 
1 0 1 0 0 0 0 0 1 0 1 
1 1 1 0 1 1 1 0 1 0 1 
1 0 0 0 0 0 1 0 0 0 1 
1 1 1 1 1 1 1 1 1 1 1 
1 1 9 9
5 5 7 5	 


    

110011112211000033001003332233003322221111333300001122110011122322

Ac
223322110011112211000033001003332233003322221111

First:
110011112211000033001003332233003322221111333300001122110011122322

Test:
***
110011112211000033001003332233003322221111333300001122110011122322
***
223322110011112211000033001003332233003322221111
***
110011112211000033332233003322221111
***
33332233003322221111330011112211000033
***

* one ball move another ball may in 

11
1 1 1 1 1 1 1 1 1 1 1 
1 0 0 0 1 0 0 0 0 0 1 
1 0 1 0 1 0 1 1 0 0 1 
1 0 1 0 0 0 1 0 0 0 1 
1 0 1 1 1 1 1 0 1 1 1 
1 0 0 0 0 0 1 0 0 0 1 
1 0 1 1 1 1 1 1 1 0 1 
1 0 1 0 0 0 0 0 1 0 1 
1 1 1 0 1 1 1 0 1 0 1 
1 0 0 0 0 0 1 0 0 0 1 
1 1 1 1 1 1 1 1 1 1 1 
1 1 7 1
3 1 8 1
